&CONTROL
   calculation      = 'relax'
   verbosity        = 'low'
   nstep            = 80
   tstress          = .false.
   tprnfor          = .true.
   outdir           = './tmp'
   prefix           = 'hec3_CrTiZr_f100_CO_ads'
   forc_conv_thr    = 1.0d-2
   pseudo_dir       = '/home/jonglee69/software/qe_pseudo/active'
/
&SYSTEM
   ibrav            = 0
   ecutwfc          = 60.0
   ecutrho          = 480.0
   occupations      = 'smearing'
   degauss          = 0.02
   smearing         = 'mv'
   ntyp             = 5
   nat              = 66
/
&ELECTRONS
   electron_maxstep = 150
   conv_thr         = 1e-07
   mixing_beta      = 0.3
/
&IONS
   ion_dynamics     = 'bfgs'
/
&CELL
/
&FCP
/
&RISM
/
ATOMIC_SPECIES
Zr 91.224 Zr_pbe_v1.uspp.F.UPF
Ti 47.867 ti_pbe_v1.4.uspp.F.UPF
Cr 51.9961 cr_pbe_v1.5.uspp.F.UPF
C 12.011 C.pbe-n-kjpaw_psl.1.0.0.UPF
O 15.999 O.pbe-n-kjpaw_psl.0.1.UPF

K_POINTS gamma

CELL_PARAMETERS angstrom
8.83295885521163 0.00000000000000 0.00000000000000
-0.02793467478992 8.73913851969744 0.00000000000000
0.07477330463118 -0.06720892505053 26.44120468128436

ATOMIC_POSITIONS angstrom
Zr 8.8214066121 4.3578731209 12.1161448358   0 0 0
Zr 4.4417694069 4.2478546960 12.1275007835   0 0 0
Zr 4.4609829517 4.1362161765 16.4802902082  
Zr 2.2482992048 0.0609926857 14.3016696760   0 0 0
Zr 2.1783019495 4.2892215912 14.3228423443   0 0 0
Zr 2.2425059701 0.0170008392 9.9200350010   0 0 0
Zr 6.6658275112 4.3438362043 9.8937835367   0 0 0
Zr 4.4558900773 2.0661455674 9.8905830088   0 0 0
Zr 2.2260212905 6.6111660845 16.5601199908  
Zr 6.6327032699 6.5035846730 16.5193611414  
Ti 8.7793989842 8.6918241712 12.1090150547   0 0 0
Ti 8.7686829581 -0.0098086064 16.3682978981  
Ti 2.1931653296 4.3203537224 9.8990125068   0 0 0
Ti 8.7052629878 2.1397178274 14.3299870193   0 0 0
Ti 0.0250075751 6.5461160682 14.2918615520   0 0 0
Ti 4.4399734799 6.5369613649 14.2697760453   0 0 0
Ti 8.8370454158 2.1236402780 9.8942922577   0 0 0
Ti 8.8381172998 6.5693399352 9.9290459856   0 0 0
Ti 4.4495982904 6.5559592651 9.9513603688   0 0 0
Ti 2.2376373288 6.5667047994 12.1059231545   0 0 0
Ti 6.6164279106 6.5544291595 12.0957593613   0 0 0
Cr 4.6477918063 0.0349809351 12.2757980679   0 0 0
Cr 8.6681532640 4.2802444358 16.3296776213  
Cr 4.7831847456 0.0690385464 16.1196763235  
Cr 6.6700878605 8.4868978173 14.1887215554   0 0 0
Cr 6.6467845928 4.5767093334 14.2336515491   0 0 0
Cr 6.5931603722 8.6710350195 10.1243323658   0 0 0
Cr 4.8611382947 2.0592602213 14.2547459452   0 0 0
Cr 1.9259367386 2.1254851419 12.1251321345   0 0 0
Cr 6.7593853185 2.0669960181 11.9319034356   0 0 0
Cr 1.7875347854 2.1604915609 16.2499785411  
Cr 6.7303243630 2.1471009905 16.1930696646  
C 8.7159496691 8.7022754174 14.3038667236   0 0 0
C 8.7080488085 4.3610966744 14.3998734198   0 0 0
C 4.6289097722 0.0064828416 14.2750833903   0 0 0
C 4.5770468050 4.2585473677 14.2925996332   0 0 0
C 8.7409391996 8.7085129426 9.9152247992   0 0 0
C 0.0608080698 4.3590571932 9.8205285735   0 0 0
C 4.5717889047 8.6373590408 9.9665003319   0 0 0
C 4.3722909367 4.3480881012 9.8876577619   0 0 0
C 2.2295857623 0.1005446224 12.1217352237   0 0 0
C 2.2005477704 4.2807453256 12.0656474944   0 0 0
C 6.6516014437 -0.0068023952 12.1296917717   0 0 0
C 6.6413205918 4.2994387310 12.2152833742   0 0 0
C 2.0991522933 0.2568843044 16.5824937896  
C 2.1193566870 4.1294402372 16.6267145477  
C 6.6483517274 0.0551067159 16.3975223452  
C 6.6938335496 4.1905239086 16.5161319381  
C 8.8116520902 2.0897208541 12.0977526587   0 0 0
C 0.0180604177 6.5955169835 12.1071230151   0 0 0
C 4.5542868235 1.9913526021 12.2180346272   0 0 0
C 4.4345355931 6.6011569004 12.1157522933   0 0 0
C 8.7367307265 2.1761566615 16.4620498879  
C 8.8306273198 6.5715222168 16.4803547502  
C 4.6494261778 1.9475566543 16.3355099461  
C 4.4395322592 6.7028616679 16.4753137798  
C 2.0013863931 2.1648996815 14.3422461424   0 0 0
C 2.2348370768 6.5489797398 14.2508140054   0 0 0
C 6.6268699769 2.1127773279 14.2681872165   0 0 0
C 6.6502976267 6.5204629862 14.2290498516   0 0 0
C 2.1250710272 2.2149719547 9.9037976534   0 0 0
C 2.2336447863 6.5095024057 9.9661760996   0 0 0
C 6.7127814143 2.0262668742 9.8966148684   0 0 0
C 6.6307440544 6.6194304723 9.9729678438   0 0 0
C 8.8427962252 4.3485692594 18.2766270261  
O 0.0882207583 4.3706425773 19.4393746213  

