&CONTROL
   calculation      = 'relax'
   verbosity        = 'low'
   nstep            = 80
   tstress          = .false.
   tprnfor          = .true.
   outdir           = './tmp'
   prefix           = 'hec3_CrTiV_f100_COOH_ads'
   forc_conv_thr    = 1.0d-2
   pseudo_dir       = '/home/jonglee69/software/qe_pseudo/active'
/
&SYSTEM
   ibrav            = 0
   ecutwfc          = 60.0
   ecutrho          = 480.0
   occupations      = 'smearing'
   degauss          = 0.02
   smearing         = 'mv'
   ntyp             = 6
   nat              = 68
/
&ELECTRONS
   electron_maxstep = 150
   conv_thr         = 1e-07
   mixing_beta      = 0.3
/
&IONS
   ion_dynamics     = 'bfgs'
/
&CELL
/
&FCP
/
&RISM
/
ATOMIC_SPECIES
Ti 47.867 ti_pbe_v1.4.uspp.F.UPF
V 50.9415 v_pbe_v1.4.uspp.F.UPF
Cr 51.9961 cr_pbe_v1.5.uspp.F.UPF
C 12.011 C.pbe-n-kjpaw_psl.1.0.0.UPF
O 15.999 O.pbe-n-kjpaw_psl.0.1.UPF
H 1.008 H.pbe-rrkjus_psl.1.0.0.UPF

K_POINTS gamma

CELL_PARAMETERS angstrom
8.37601765767077 0.00000000000000 0.00000000000000
0.00466068679785 8.37130038900787 0.00000000000000
0.01609995719752 -0.01892072819822 25.27257330363787

ATOMIC_POSITIONS angstrom
Ti 0.0228169980 0.0655629773 16.1721059517  
Ti 0.0291331002 8.3621570543 11.5803477355   0 0 0
Ti 2.0975368417 4.1651924041 13.6995846818   0 0 0
Ti 8.3795041056 2.0957563981 9.4724378689   0 0 0
Ti 8.3750099733 6.2687152092 9.4933225157   0 0 0
Ti 4.2170671874 6.2898439467 9.4911460380   0 0 0
Ti 8.3706959315 2.0992468883 13.7196199333   0 0 0
Ti 8.3814371399 6.2587905921 13.6914936631   0 0 0
Ti 4.2074509867 6.2621252961 13.6953624844   0 0 0
Ti 2.1294237970 6.2627984310 15.8309834197  
Ti 6.2833923509 6.2905093433 15.7669746004  
V 8.3670195694 4.1361303846 15.6827402928  
V 4.2186403647 4.1213530978 15.6575992217  
V 4.1453105473 4.2119457891 11.5975026988   0 0 0
V 2.1879867013 0.0520231596 9.5054883674   0 0 0
V 2.1522427348 4.1319303501 9.4904675789   0 0 0
V 2.0919720210 -0.0034525136 13.6809547049   0 0 0
V 6.2957223951 4.1813414611 13.7896152224   0 0 0
V 4.2104512702 2.0785028673 13.6089365586   0 0 0
V 2.1048639148 6.2714192178 11.5723879270   0 0 0
V 6.3158808164 6.1438819511 11.5700667150   0 0 0
Cr 4.2154414307 0.0673093078 15.5466401944  
Cr 0.1179128009 4.1786640750 11.5195623927   0 0 0
Cr 4.1681598842 8.2577799257 11.6615352591   0 0 0
Cr 6.1999882077 0.1106418811 9.6948923906   0 0 0
Cr 6.2007452456 4.0563627707 9.3394942948   0 0 0
Cr 6.3039559766 8.3200573949 13.5345114413   0 0 0
Cr 4.2149984025 2.0754774019 9.7444374941   0 0 0
Cr 2.2002474502 2.0617528076 15.5885251076  
Cr 6.2019401228 2.0357378795 15.5654701603  
Cr 2.0054620409 2.1149661174 11.6192682974   0 0 0
Cr 6.3992485267 2.2488278238 11.6549867199   0 0 0
C 8.3671464633 0.0123762133 9.4921945368   0 0 0
C 8.3685510870 4.1683341954 9.4949958325   0 0 0
C 4.2233794382 0.0660683478 9.5137772640   0 0 0
C 4.2071394793 4.1170355077 9.4900603783   0 0 0
C 8.3753352139 -0.0047460034 13.6879749419   0 0 0
C 8.3555577743 4.1752016178 13.6998947017   0 0 0
C 4.2131653834 0.0054873094 13.6688163572   0 0 0
C 4.2220181648 4.1373219388 13.6924183861   0 0 0
C 2.1890454111 0.0694055470 15.8442276118  
C 2.1208336064 4.0959888347 15.8860738828  
C 6.2324516125 0.0693496208 15.8243933345  
C 6.2793295207 4.1139722837 15.8597073922  
C 2.1521326937 0.0175132539 11.5903255372   0 0 0
C 2.1078429860 4.1683083653 11.5671868517   0 0 0
C 6.2417937451 0.0188099573 11.6002801854   0 0 0
C 6.3283074126 4.1569384024 11.5682471185   0 0 0
C 8.3836084836 2.1406930159 15.8669446429  
C 8.3798821770 6.2086932269 15.9182135244  
C 4.2065277636 2.0620552509 15.7864125870  
C 4.2169837263 6.2730819944 15.8781729043  
C 0.0147673152 2.1438801594 11.5939557114   0 0 0
C 0.0200697416 6.2277703895 11.5821679336   0 0 0
C 4.2182428542 2.0594943016 11.6100232202   0 0 0
C 4.2117703951 6.2583221129 11.5919858628   0 0 0
C 2.1713130363 2.0860319016 9.4919958919   0 0 0
C 2.1164500536 6.2753611976 9.5156635851   0 0 0
C 6.2203151227 2.0809934926 9.4961719556   0 0 0
C 6.2861737462 6.2618311600 9.5257047400   0 0 0
C 2.1349207790 2.0551228178 13.6855329086   0 0 0
C 2.1043015435 6.2915359703 13.6724452320   0 0 0
C 6.2612712230 2.0678980813 13.6766563617   0 0 0
C 6.2981398968 6.2588382292 13.6653030130   0 0 0
C 2.1562903412 6.1035205198 18.0866412821  
O 2.2276349460 5.8835055679 19.2127964125  
O 8.3581182969 0.0499451238 18.0308743105  
H 7.6348042700 0.4478942610 18.5424060862  

