&CONTROL
   calculation      = 'relax'
   verbosity        = 'low'
   nstep            = 80
   tstress          = .false.
   tprnfor          = .true.
   outdir           = './tmp'
   prefix           = 'hec3_CrTiZr_f100_COOH_ads'
   forc_conv_thr    = 1.0d-2
   pseudo_dir       = '/home/jonglee69/software/qe_pseudo/active'
/
&SYSTEM
   ibrav            = 0
   ecutwfc          = 60.0
   ecutrho          = 480.0
   occupations      = 'smearing'
   degauss          = 0.02
   smearing         = 'mv'
   ntyp             = 6
   nat              = 68
/
&ELECTRONS
   electron_maxstep = 150
   conv_thr         = 1e-07
   mixing_beta      = 0.3
/
&IONS
   ion_dynamics     = 'bfgs'
/
&CELL
/
&FCP
/
&RISM
/
ATOMIC_SPECIES
Zr 91.224 Zr_pbe_v1.uspp.F.UPF
Ti 47.867 ti_pbe_v1.4.uspp.F.UPF
Cr 51.9961 cr_pbe_v1.5.uspp.F.UPF
C 12.011 C.pbe-n-kjpaw_psl.1.0.0.UPF
O 15.999 O.pbe-n-kjpaw_psl.0.1.UPF
H 1.008 H.pbe-rrkjus_psl.1.0.0.UPF

K_POINTS gamma

CELL_PARAMETERS angstrom
8.83295885521163 0.00000000000000 0.00000000000000
-0.02793467478992 8.73913851969744 0.00000000000000
0.07477330463118 -0.06720892505053 26.44120468128436

ATOMIC_POSITIONS angstrom
Zr 8.8214066121 4.3578731209 12.1161448358   0 0 0
Zr 4.4417694069 4.2478546960 12.1275007835   0 0 0
Zr 4.4718023794 4.1169890052 16.5288608224  
Zr 2.2482992048 0.0609926857 14.3016696760   0 0 0
Zr 2.1783019495 4.2892215912 14.3228423443   0 0 0
Zr 2.2425059701 0.0170008392 9.9200350010   0 0 0
Zr 6.6658275112 4.3438362043 9.8937835367   0 0 0
Zr 4.4558900773 2.0661455674 9.8905830088   0 0 0
Zr 2.1965178751 6.5988300840 16.9148553558  
Zr 6.6501848670 6.4826777095 16.5110112700  
Ti 8.7793989842 8.6918241712 12.1090150547   0 0 0
Ti 8.7609645301 -0.0070689346 16.3591499947  
Ti 2.1931653296 4.3203537224 9.8990125068   0 0 0
Ti 8.7052629878 2.1397178274 14.3299870193   0 0 0
Ti 0.0250075751 6.5461160682 14.2918615520   0 0 0
Ti 4.4399734799 6.5369613649 14.2697760453   0 0 0
Ti 8.8370454158 2.1236402780 9.8942922577   0 0 0
Ti 8.8381172998 6.5693399352 9.9290459856   0 0 0
Ti 4.4495982904 6.5559592651 9.9513603688   0 0 0
Ti 2.2376373288 6.5667047994 12.1059231545   0 0 0
Ti 6.6164279106 6.5544291595 12.0957593613   0 0 0
Cr 4.6477918063 0.0349809351 12.2757980679   0 0 0
Cr 8.7424571294 4.3099250719 16.2537597686  
Cr 4.8172458094 0.0451002076 16.1178753750  
Cr 6.6700878605 8.4868978173 14.1887215554   0 0 0
Cr 6.6467845928 4.5767093334 14.2336515491   0 0 0
Cr 6.5931603722 8.6710350195 10.1243323658   0 0 0
Cr 4.8611382947 2.0592602213 14.2547459452   0 0 0
Cr 1.9259367386 2.1254851419 12.1251321345   0 0 0
Cr 6.7593853185 2.0669960181 11.9319034356   0 0 0
Cr 1.7383108625 2.1689813279 16.2577572220  
Cr 6.7457229000 2.1770148336 16.1933575306  
C 8.7159496691 8.7022754174 14.3038667236   0 0 0
C 8.7080488085 4.3610966744 14.3998734198   0 0 0
C 4.6289097722 0.0064828416 14.2750833903   0 0 0
C 4.5770468050 4.2585473677 14.2925996332   0 0 0
C 8.7409391996 8.7085129426 9.9152247992   0 0 0
C 0.0608080698 4.3590571932 9.8205285735   0 0 0
C 4.5717889047 8.6373590408 9.9665003319   0 0 0
C 4.3722909367 4.3480881012 9.8876577619   0 0 0
C 2.2295857623 0.1005446224 12.1217352237   0 0 0
C 2.2005477704 4.2807453256 12.0656474944   0 0 0
C 6.6516014437 -0.0068023952 12.1296917717   0 0 0
C 6.6413205918 4.2994387310 12.2152833742   0 0 0
C 2.0430682107 0.3052045275 16.5859719173  
C 2.0072644917 4.1351784173 16.6207349025  
C 6.6592190601 0.0482391246 16.3865710914  
C 6.7358510162 4.1947569153 16.5127389442  
C 8.8116520902 2.0897208541 12.0977526587   0 0 0
C 0.0180604177 6.5955169835 12.1071230151   0 0 0
C 4.5542868235 1.9913526021 12.2180346272   0 0 0
C 4.4345355931 6.6011569004 12.1157522933   0 0 0
C 8.7097610528 2.1961660926 16.4561721832  
C 8.8332587901 6.4966703594 16.4836574775  
C 4.6672433197 1.9434826225 16.3587587265  
C 4.4417474975 6.7786878543 16.4873124819  
C 2.0013863931 2.1648996815 14.3422461424   0 0 0
C 2.2348370768 6.5489797398 14.2508140054   0 0 0
C 6.6268699769 2.1127773279 14.2681872165   0 0 0
C 6.6502976267 6.5204629862 14.2290498516   0 0 0
C 2.1250710272 2.2149719547 9.9037976534   0 0 0
C 2.2336447863 6.5095024057 9.9661760996   0 0 0
C 6.7127814143 2.0262668742 9.8966148684   0 0 0
C 6.6307440544 6.6194304723 9.9729678438   0 0 0
C 4.5491960873 4.3710068575 18.9654635777  
O 4.6819582251 4.4669007776 20.1036926431  
O 2.2397338629 6.6341860253 18.8688458284  
H 2.5315820951 6.7752810191 19.7761038688  

